1107,18155
2416,1440
1747,13564
3083,6675
2867,5278
2880,11920
1619,12997
917,4323
3531,6478
3180,18030
2675,4116
2486,17750
2499,17442
2067,1353
3550,8718
3168,12310
2445,20088
3315,15670
51,11511
2675,2312
476,14327
3083,12156
2943,4470
844,9280
2247,18886
2495,11314
1583,11288
484,5364
1755,16208
208,16034
249,2910
701,18804
3178,3637
1985,16798
2227,3844
2268,16037
428,1008
1379,16524
462,17118
418,13515
912,8870
1965,1800
2196,18232
266,14793
2485,19192
28,15120
1082,2310
680,15110
3561,16510
1155,18921
1118,8047
693,9524
3188,7078
44,5240
2702,4231
208,790
1748,10950
2247,15683
2688,2401
2485,4037
3124,13640
2733,5514
2203,7713
2900,12110
859,271
2275,13443
663,881
1993,16445
863,16120
1559,1713
3344,7156
3316,11524
3337,12276
11,6925
700,10073
2215,12848
3337,16751
51,4312
0,164
681,18910
1382,12230
894,4956
2478,20433
227,6670
1372,15236
462,13837
3553,19248
3127,3391
696,7670
3540,7755
2865,3608
1382,2954
3136,2155
2238,950
723,6488
2037,2238
717,8040
3106,15394
2672,8155
409,15554
53,19000
268,17274
2003,1287
2192,14128
1555,4241
2635,6524
3361,18008
1607,5310
1380,240
3092,722
1598,15430
2236,7208
3388,2688
446,17246
439,14034
3321,12168
1603,1840
228,10790
39,5560
254,564
2672,5672
1566,2040
1524,18240
1351,4122
2882,3486
1120,9885
632,16718
2730,4447
707,10646
1128,16198
2649,2920
3369,10800

fold along y=10239
fold along x=1791
fold along y=5119
fold along x=895
fold along x=447
fold along y=2559
fold along y=1279
fold along y=639
fold along y=319
fold along x=223
fold along x=111
fold along y=159
fold along y=79
fold along y=39
fold along y=19